arctic_lake <-
structure(c(77.5, 71.9, 50.7, 52.2, 70, 66.5, 43.1, 53.4, 15.5, 
31.7, 65.7, 70.4, 17.4, 10.6, 38.2, 10.8, 18.4, 4.6, 15.6, 31.9, 
9.5, 17.1, 10.5, 4.8, 2.6, 11.4, 6.7, 6.9, 4, 7.4, 4.8, 4.5, 
6.6, 6.7, 7.4, 6, 6.3, 2.5, 2, 19.5, 24.9, 36.1, 40.9, 26.5, 
32.2, 55.3, 36.8, 54.4, 41.5, 27.8, 29, 53.6, 69.8, 43.1, 52.7, 
50.7, 47.4, 50.4, 45.1, 53.5, 48, 55.4, 54.7, 45.2, 52.7, 46.9, 
49.7, 44.9, 51.6, 49.5, 48.5, 52.1, 47.3, 45.6, 48.9, 53.8, 48, 
47.8, 3, 3.2, 13.2, 6.6, 3.5, 1.3, 1.6, 9.8, 30.1, 26.8, 6.5, 
0.6, 29, 19.6, 18.7, 36.5, 30.9, 48, 34, 23, 37, 34.9, 34.1, 
41, 52.2, 35.9, 46.4, 43.4, 51.1, 40.9, 45.7, 47, 41.3, 45.9, 
46.9, 45.1, 39.9, 49.5, 50.2, 10.4, 11.7, 12.8, 13, 15.7, 16.3, 
18, 18.7, 20.7, 22.1, 22.4, 24.4, 25.8, 32.5, 33.6, 36.8, 37.8, 
36.9, 42.2, 47, 47.1, 48.4, 49.4, 49.5, 59.2, 60.1, 61.7, 62.4, 
69.3, 73.6, 74.4, 78.5, 82.9, 87.7, 88.1, 90.4, 90.6, 97.7, 103.7
), .Dim = c(39L, 4L), .Dimnames = list(c("1", "2", "3", "4", 
"5", "6", "7", "8", "9", "10", "11", "12", "13", "14", "15", 
"16", "17", "18", "19", "20", "21", "22", "23", "24", "25", "26", 
"27", "28", "29", "30", "31", "32", "33", "34", "35", "36", "37", 
"38", "39"), c("sand", "silt", "clay", "depth")))
