Foraminiferal <-
structure(c(0.74, 0.58, 0.58, 0.61, 0.82, 0.48, 0.59, 0.76, 0.81,
0.68, 0.72, 0.62, 0.45, 0.66, 0.85, 0.75, 0.69, 0.76, 0.66, 0.66,
0.5, 0.65, 0.6, 0.4, 0.6, 0.6, 0.59, 0.58, 0.61, 0.39, 0.19,
0.29, 0.19, 0.28, 0.13, 0.38, 0.38, 0.12, 0.12, 0.23, 0.2, 0.27,
0.25, 0.25, 0.13, 0.09, 0.25, 0.1, 0.29, 0.24, 0.46, 0.25, 0.35,
0.27, 0.1, 0.1, 0.39, 0.39, 0.34, 0.49, 0.03, 0.01, 0.22, 0.08,
0.02, 0.01, 0, 0.09, 0.04, 0.05, 0.04, 0.09, 0.29, 0.06, 0.01,
0.15, 0, 0.11, 0.01, 0.06, 0, 0.05, 0.02, 0.32, 0.3, 0.29, 0.01,
0.01, 0.02, 0.12, 0.04, 0.12, 0.01, 0.03, 0.03, 0.13, 0.03, 0.03,
0.03, 0.04, 0.04, 0.02, 0.01, 0.03, 0.01, 0.01, 0.06, 0.03, 0.04,
0.04, 0.04, 0.05, 0.03, 0.01, 0, 0.01, 0.01, 0.02, 0.03, 0, 1,
2, 3, 4, 5, 6, 7, 8, 9, 10, 11, 12, 13, 14, 15, 16, 17, 18, 19,
20, 21, 22, 23, 24, 25, 26, 27, 28, 29, 30), .Dim = c(30L, 5L
), .Dimnames = list(c("1", "2", "3", "4", "5", "6", "7", "8", "9",
"10", "11", "12", "13", "14", "15", "16", "17", "18", "19", "20",
"21", "22", "23", "24", "25", "26", "27", "28", "29", "30"),
c("Na", "Np", "Go", "Gt", "depth")))

